%YAML:1.0
---
width: 6464
height: 4852
offsetx: -2.053740742828983e+01
offsety: -1.5567070360419127e+01
diameter: 3.7411792534763599e+01
rotation: 2.1067696734519146e-03
max_col: 249.
max_row: 151.
offfffffffffffffsetx: -1.7223740742828983e+01
offfffffffffffffsety: -2.1867070360419127e+01




# width: 6464
# height: 4852
# offsetx: -1.683740742828983e+01
# offsety: -1.6267070360419127e+01
# diameter: 3.7411792534763599e+01
# rotation: 4.1067696734519146e-03
# max_col: 249.
# max_row: 151.
# offfffffffffffffsetx: -1.7223740742828983e+01
# offfffffffffffffsety: -2.1867070360419127e+01