%YAML:1.0
---
width: 6464
height: 4852
offsetx: -2.003740742828983e+01
offsety: -1.5267070360419127e+01   
diameter: 3.7411792534763599e+01
rotation: 2.1067696734519146e-03
max_col: 249.
max_row: 151.

# width: 6464
# height: 4852
# offsetx: -2.383740742828983e+01
# offsety: -1.1267070360419127e+01   
# diameter: 3.7411792534763599e+01
# rotation: 2.1067696734519146e-03
# max_col: 249.
# max_row: 151.
# 0215modify