%YAML:1.0
---
width: 6464
height: 4852
offsetx: -2.2731288781955286e+00
offsety: -4.6579272496177921e+01
diameter: 3.7509185548411473e+01
rotation: 4.2551271204509522e-03
max_col: 248.
max_row: 151.
