%YAML:1.0
---
width: 6464
height: 4852
offsetx: -5.0137781281217428e+00
offsety: -4.8229488166001836e+01
diameter: 3.7501666328229582e+01
rotation: 3.8452238679380635e-03
max_col: 248.
max_row: 151.
